ID	prio	join	todo	wait	done	
13	0	13	2	1	16
7	0	7	10	9	26
24	0	24	2	3	29
23	0	23	5	12	40
15	0	15	9	26	50
16	0	16	14	28	58
26	0	26	12	23	61
0	1	0	5	67	72
22	1	22	2	55	79
21	1	21	3	62	86
9	1	9	7	94	110
19	1	19	7	85	111
27	1	27	5	80	112
2	1	2	10	102	114
20	1	20	9	92	121
1	1	1	15	112	128
17	1	17	14	100	131
25	2	25	2	128	155
6	2	6	4	162	172
14	2	14	4	158	176
12	2	12	5	168	185
8	2	8	5	178	191
5	2	5	8	193	206
4	2	4	9	199	212
18	2	18	7	189	214
3	2	3	12	211	226
11	2	11	14	210	235
29	2	29	14	193	236
28	2	28	14	200	242
10	2	10	15	219	244

Average wait: 111.967
Average intensity: 1
Average complexity: 8.13333
Unused resources time: 0

0=14
1=84
2=185
